function cmap = batlow(N)
% Colour map by Fabio Crameri: 
%   Crameri, F. (2018), Scientific colourmaps, Zenodo, doi:10.5281/zenodo.1243862
%

cmap = ...
  [0.0051931533670847452 0.0982381170217676 0.34984188098308988;
   0.00906521459033197 0.1044866508299995 0.35093308519731592;
   0.012963349842328881 0.11077922487868916 0.35199243674918218;
   0.016529926949735135 0.11691328972102498 0.35306965300420096;
   0.0199356188871784 0.12298460990134438 0.354119746868454;
   0.02318878486087881 0.12903519373149894 0.35518243313926112;
   0.026291253268610579 0.13504437659330928 0.35621017793577603;
   0.029245489023060157 0.14096397126160432 0.3572385444087573;
   0.032052783973275219 0.14677416313591207 0.3582388098645774;
   0.0348531921361111 0.15255833701528124 0.35923261671019346;
   0.037449120197873095 0.15831302906694084 0.36021587390047566;
   0.039845085077735959 0.16397782635415398 0.36118714532095;
   0.042104481436739956 0.16955702528601388 0.36215135002445559;
   0.044069304939279935 0.17505286745845028 0.36308351722115129;
   0.045904541777188418 0.18045998148098763 0.36400713889938585;
   0.047664915521179858 0.18584438525797461 0.36491460270457832;
   0.049377710552943488 0.19107609466670547 0.36580977379307789;
   0.050794914535723511 0.196274189099404 0.36668431782913452;
   0.052164422613199909 0.2013231093466841 0.36752442884120756;
   0.053470609317237891 0.2063572173160873 0.36837032154168359;
   0.054720819026804868 0.21123363950438889 0.36918391837772296;
   0.055927956548658966 0.21604632568493123 0.36997350072132634;
   0.057033202888293694 0.22075440398869803 0.37074995923142712;
   0.058032159401342973 0.22533951277498812 0.37150894575967397;
   0.059164447263313921 0.22984235549248522 0.372251954677445;
   0.060166984906667671 0.23429914210561742 0.37297805178168253;
   0.061051852904684692 0.23862497540933905 0.37369148370387872;
   0.062059916945595046 0.24288791613647467 0.37438603600630749;
   0.063071188519282145 0.2470851847296836 0.37504976283250208;
   0.063982074562778893 0.25121343878467817 0.37570881789396715;
   0.064935995999645488 0.25526411715811492 0.37636223490156823;
   0.065902655900947821 0.25925653040785379 0.37698716945665117;
   0.066898964954736226 0.26318767055475906 0.37759435604864444;
   0.067921243822483421 0.26705566550255549 0.37819116602081221;
   0.06900153992680301 0.27092169966886032 0.37877419717350214;
   0.070000867422221308 0.27471269540286414 0.37934206613038463;
   0.071114970111708878 0.27849707887777192 0.37989494058992651;
   0.072192388522292608 0.2822485923666056 0.38043438237196786;
   0.073440218743726915 0.28594157553351329 0.38095684875304925;
   0.07459477631965121 0.28965347582244588 0.38145245097980185;
   0.075833162312464314 0.29332080890607 0.38192212651713908;
   0.07713575086677539 0.29699561988952078 0.38237625617564691;
   0.0785169378778106 0.30062163288111604 0.38281414164197058;
   0.079984085497854879 0.30425211728262708 0.38322375648442114;
   0.081552501327846777 0.307858398947125 0.38359755116259286;
   0.083082117302149955 0.31146073061369361 0.38393609078916269;
   0.084777956832485693 0.31504326897178137 0.38423959035577426;
   0.086502898904090214 0.31861526671309764 0.38450584864340215;
   0.088353196121922023 0.32216699518938113 0.3847307176551048;
   0.090281345327574314 0.32568540525004724 0.38491001436612238;
   0.092303834566240847 0.32921976290838678 0.38503965732395351;
   0.094462132513163724 0.33271168970855042 0.38511560668427935;
   0.096618095398323625 0.3361614658561598 0.38513381004637109;
   0.09901532267195258 0.33962063968044193 0.38509017172249338;
   0.10148075503464712 0.34303568861424938 0.38498056990066581;
   0.10407782175559886 0.34640951437135353 0.3848009521540483;
   0.1068415417894461 0.34977406905892322 0.38454754507201544;
   0.10969518137400697 0.3530981978863 0.38421721725026747;
   0.1126548905811111 0.35639097599502095 0.38380731187123007;
   0.11574804299976826 0.35963827901968648 0.38331023552685989;
   0.11899185226757944 0.36284860147640574 0.38271289196822167;
   0.12232007085416291 0.36603048313988734 0.38202555689973977;
   0.12588949580950715 0.36915956033350067 0.38125939910510814;
   0.12951895278986603 0.37223835820701584 0.38037759774852931;
   0.13329781036453003 0.37528177576047489 0.37939540952652112;
   0.13721217317778236 0.37828228973598077 0.37831464167656131;
   0.14125972272499474 0.38123955327692621 0.37713457767678255;
   0.14543207114656889 0.38413014611589619 0.375839810714344;
   0.14970605921174326 0.38697504643569941 0.37444878673936705;
   0.15407297935142533 0.38977720239248426 0.37293397347723928;
   0.15861963827453851 0.39253083557636365 0.37132026010142821;
   0.1632459417074294 0.395237177909865 0.3696085079279714;
   0.16795163044350989 0.3978894758325473 0.36778403427924616;
   0.17278767222656549 0.40049616579948016 0.36586731789155591;
   0.1777520242325257 0.40304132431853829 0.36383253544698607;
   0.18273184630080283 0.40555064226707249 0.36171398122070531;
   0.18788592197876566 0.40800322014071932 0.35948448768180946;
   0.19305035570120452 0.4104274433814088 0.357176852635486;
   0.19830954704068637 0.41279752713983114 0.35476654101062277;
   0.20367609961813737 0.41511601961326783 0.35225256863459553;
   0.20907523889632421 0.417412080725871 0.3496767296453781;
   0.2145549096303504 0.41966103146232231 0.3470186694612174;
   0.22011194218117586 0.42186417536563159 0.34426110963381368;
   0.22570724370731254 0.42404944590792232 0.34145920490079579;
   0.23136234768511588 0.4261974566798758 0.33857204983597428;
   0.23707454607405365 0.42832460818730694 0.33563448126966455;
   0.2427949464944569 0.43041813391463224 0.33263459608825813;
   0.24861685995293464 0.43249256683908238 0.32957115867044184;
   0.25445231948078745 0.43452908459242406 0.32643417320075546;
   0.26031994501761613 0.43655638046216139 0.32328504095856714;
   0.26624103559495926 0.438555352552268 0.32008520332780216;
   0.2721682175019895 0.44054125389534415 0.31683077060365905;
   0.278171063633642 0.44252433547295505 0.31355170211453359;
   0.2841746060485501 0.444483674290572 0.31024279867851978;
   0.29021386560947077 0.44642003736878627 0.30688917734226928;
   0.296294199927995 0.44835650967502766 0.3035090897309069;
   0.30237856276909569 0.45028157372123462 0.30012236213619936;
   0.30851688918317882 0.45220476207364069 0.29672078882277059;
   0.314648370646325 0.45410714049204104 0.29327876318162127;
   0.32083356948444874 0.45600557022948207 0.28984099298915933;
   0.32700657046640985 0.45790041408363436 0.28637653338724006;
   0.33323478245462879 0.45979400160533129 0.28293720457768068;
   0.33946912341713625 0.46168457031690369 0.27946782286049837;
   0.34570343690782523 0.46356289946018042 0.27599845080473911;
   0.35197603788748377 0.46544005687368395 0.27249229457065943;
   0.35827709199606372 0.46733136298229783 0.2690369839639225;
   0.36458902551906741 0.4692131045104409 0.26554348346001638;
   0.37092238495526125 0.47108533892351789 0.26206384364450047;
   0.37729103199175273 0.47295177298973484 0.25858753735262613;
   0.38367513341047843 0.47484167257792465 0.2551314964878732;
   0.39007016627802182 0.47671078250738447 0.25166455674895111;
   0.39650491134072274 0.478587417929165 0.24821214442162315;
   0.4029676055462818 0.48046597848254047 0.24473116161388492;
   0.40945476550362553 0.48235070950586556 0.24131379801671121;
   0.41596738524987337 0.48422528554099392 0.23789477741620474;
   0.42250697989767744 0.48611298304515793 0.23449349835575795;
   0.42909438323516608 0.48801065150519185 0.23109635675825485;
   0.43571356939928224 0.48989049128592926 0.22772839964768413;
   0.44236533912729142 0.49179535392211904 0.22435367889204286;
   0.44905189106053267 0.49368443290515218 0.22107354951416339;
   0.45577390000683538 0.49558467746933782 0.21777435514807941;
   0.46253874114016624 0.49749734629405706 0.21451784464324958;
