function cmap = berlin(N)
% Colour map by Fabio Crameri: 
%   Crameri, F. (2018), Scientific colourmaps, Zenodo, doi:10.5281/zenodo.1243862
%

cmap = ...
  [0.62108200234600186 0.69018181908918652 0.99950666050556558;
   0.612157336574861 0.68922778518266425 0.99537428961401109;
   0.60320183662105875 0.688249683431223 0.99123930551344508;
   0.59420022735772393 0.68725665243392264 0.98709160928310558;
   0.58516524641165268 0.68624809594109948 0.98292216033315361;
   0.57608773296107008 0.68522229213956953 0.9787334317956139;
   0.56696103475604043 0.684165962185427 0.97452437578099393;
   0.55779115553597391 0.68309822307520751 0.97028758588183994;
   0.548589991269665 0.68199234111956475 0.96601590075801891;
   0.53932741650632876 0.680858831892629 0.961704489212519;
   0.53003445492361556 0.67969098446235166 0.95735017480455331;
   0.5206872757691684 0.67848365805428135 0.95294191159853636;
   0.511294656809697 0.67722960312229707 0.94846631419495386;
   0.50186293848593466 0.67590813172989439 0.943923414636781;
   0.49236801169596178 0.67452644758576386 0.93929682957024174;
   0.48283196644747917 0.67307505612358942 0.93457434428424979;
   0.47323914993806254 0.67152957091335885 0.92975126577849632;
   0.46361019923014113 0.6698984900074838 0.92480644172099946;
   0.45393100409567866 0.668151727643842 0.919735070002056;
   0.44421310532323915 0.66627536713440427 0.91451783664693986;
   0.43443953162936244 0.6642713449570522 0.90913635057733522;
   0.42464542403469424 0.66211968207221628 0.903586196736133;
   0.41481810470153907 0.65979096543572668 0.89784543402782635;
   0.40497513543759633 0.65728871170775216 0.89190533415711593;
   0.39513735030605585 0.654578858744898 0.88575047731746814;
   0.38529580684382669 0.65167434127565138 0.87936783679506358;
   0.37549276934669917 0.6485356375220247 0.87275743885214119;
   0.36574209231265764 0.645164483206235 0.86590285569684466;
   0.35605883571167429 0.64155237919602881 0.858800631349383;
   0.34645287596817043 0.63769217574186965 0.85145063428426826;
   0.33698204361536777 0.6335735538394297 0.84385515395159749;
   0.32764167692137708 0.62918877443777843 0.83601749647457857;
   0.31848685899048229 0.6245513045022586 0.82793656787075864;
   0.30953881027977442 0.61965702417418456 0.81962849473742461;
   0.3007843192305969 0.61449730800782576 0.81110814915527951;
   0.29230897031255026 0.60911489934168983 0.80237866205304653;
   0.28409777542086778 0.60348495081127562 0.79347029761220278;
   0.27620504725196288 0.5976335631804236 0.78438608379923269;
   0.2685945572028598 0.59157960567159917 0.77514342760574029;
   0.261307839194872 0.58533541090485786 0.7657802546306397;
   0.25436840334432093 0.57890776526126408 0.75629586718896336;
   0.24775331145641577 0.572327969741807 0.74671933228532106;
   0.24146441175332292 0.5655961974615088 0.73706628652879524;
   0.23551533382142031 0.55874802346295216 0.72735137521595772;
   0.22984211763781262 0.5518019037894456 0.7175995670990446;
   0.22450329253728993 0.54474996489137006 0.70780498372031919;
   0.21948466606286049 0.53762811159119128 0.69799783640246371;
   0.21469414565662551 0.53043260129845726 0.68818951118231431;
   0.21017188180125362 0.52319291802353762 0.67837708097438953;
   0.20588875125459005 0.51589718646433869 0.66857826673478893;
   0.20177061900858848 0.50859778055380211 0.65878696276272142;
   0.19787818941332905 0.5012580861193584 0.649029870286136;
   0.19417224256974794 0.49390253872915058 0.6392874343584336;
   0.19055555742761096 0.48654066323348366 0.6295724026099917;
   0.18711189842160791 0.4791811948848051 0.61989820943963336;
   0.18375221995434599 0.47182577531642372 0.6102410294256807;
   0.18049960333247522 0.46447376265643159 0.60062240647129217;
   0.17736545876895973 0.45711670445788793 0.59103706893124452;
   0.17426388136244247 0.44978766252050117 0.58148317632530622;
   0.17122449222613126 0.44247412484955079 0.57196641979671892;
   0.16824173196166453 0.43517203624438777 0.56248641082902562;
   0.16529246987462146 0.42788373682347614 0.5530208601856;
   0.16243896919949763 0.42060799692481016 0.54360337738553111;
   0.15954492376032936 0.41336995549003569 0.53420990827401371;
   0.15673871028581229 0.40614676584973219 0.52485576418413826;
   0.15390547183668429 0.39893196734871794 0.51552385046254157;
   0.15112242103472703 0.39175741409391118 0.50623022125775519;
   0.14834582368405971 0.38459121343876446 0.49697163899703578;
   0.14564069237031554 0.37746154440619917 0.48775091571031248;
   0.14287902936385469 0.37034275595853189 0.47854420456192648;
   0.14013842563018022 0.36325680488720269 0.46938854660009233;
   0.13746575941988587 0.35620424519840915 0.46023902925764393;
   0.13477680382382018 0.34916168111549511 0.45114672104696513;
   0.13207908925503264 0.34215034309702347 0.44208501573171027;
   0.12940117707175966 0.33517267016736285 0.43304156103800889;
   0.12673529860713073 0.32819515521772935 0.42403579698470395;
   0.12408960770315572 0.3212593423229998 0.41507056965503714;
   0.12145555249988188 0.31434676082848867 0.40614419881996416;
   0.11889949163495206 0.3074602330227415 0.39723437503651615;
   0.11631552229362815 0.30060764636918141 0.38837634662457204;
   0.11373067989031638 0.29378090886980968 0.37954591500103457;
   0.11118732296009672 0.28698043581375621 0.37074789957398;
   0.10861318919610531 0.28021690211754685 0.36200370639030605;
   0.10615946171212458 0.27349673389974877 0.35328022354302446;
   0.10366967864144397 0.2667759831893039 0.34459436897337864;
   0.10118271583713795 0.26010813838650848 0.33595233810377106;
   0.0987764242803651 0.253467179652103 0.327342165603349;
   0.0963471877369764 0.24684987338688982 0.31878254154417135;
   0.094059455070407472 0.24026370479393241 0.31026707718138807;
   0.091788429944861541 0.23372715144450626 0.30175816405668804;
   0.0895058996540582 0.22724539759782358 0.29331801770188726;
   0.087340959592987072 0.22079985873275335 0.28491352141882204;
   0.0851415987121209 0.21436039668222864 0.27657556311952658;
   0.083069328213692062 0.20798137175385664 0.26824874625831291;
   0.081097764311541073 0.20163112377080811 0.25999216137535969;
   0.079129555994593648 0.19536064202229433 0.25178136835015869;
   0.077286105557682325 0.18913622369183591 0.24358865331196178;
   0.07557093029523973 0.18294309838714115 0.2355015537676618;
   0.073993294240768309 0.17683498632183345 0.22743399060453443;
   0.0724095619296751 0.17078524278460011 0.2194328493354134;
   0.07104473404748235 0.16479546596392414 0.21150006926263587;
   0.069767488452764828 0.15890094227847051 0.2036278461049664;
   0.068617597848448522 0.15304043954008595 0.19581845318005178;
   0.067560086175243825 0.14731861475910071 0.18812428212033902;
   0.066664907363901266 0.141671474143823 0.18045231280550067;
   0.065923146629893542 0.13607591299747171 0.17291663986819819;
   0.065339116001440184 0.13069532754162008 0.16545823000429008;
   0.064910610405506872 0.12534852994077322 0.15816930592633929;
   0.064636068656793264 0.12013166965201115 0.15094641163806746;
   0.064516805173459271 0.1150700704404467 0.14388930734293892;
   0.064554258321866134 0.11022240626298044 0.13695707274334815;
   0.064748700601933232 0.10542738992134444 0.13022951516065173;
   0.065099893677732737 0.1008492565156666 0.12356857409461861;
   0.065383232317307582 0.096468706332455273 0.11716997044700506;
   0.065573884931351009 0.092338377698673313 0.1110079161375883;
   0.065892424949716866 0.088201049034942261 0.10498151569044219;
   0.066388292530184467 0.0841339592636901 0.0992882049829825;
   0.067107980281490509 0.080050571292529224 0.093829191263915132;
   0.0681932063689603 0.076098826918044024 0.088469707114493437;
   0.0697196048447364 0.072282547595753352 0.083025047551370176;
   0.071638701360626361 0.068654481840805262 0.0775436795717188;
   0.073977669980835825 0.065057925311876957 0.072110379161166221;
   0.076595752700913455 0.061657123922413681 0.06665083661721391;
