function cmap = hawaii(N)
% Colour map by Fabio Crameri: 
%   Crameri, F. (2018), Scientific colourmaps, Zenodo, doi:10.5281/zenodo.1243862
%

cmap = ...
  [0.550541461651457 0.0068419747999695843 0.4519803198278895;
   0.55149385159029229 0.015366632059008357 0.44797180156980887;
   0.55242552737329442 0.023795283391823012 0.44399777836428872;
   0.55332817356354391 0.032329012988279358 0.44002064846966177;
   0.5542274351043891 0.04116996902936397 0.43606324822293435;
   0.5550975118106537 0.04928647553720001 0.4321254076922722;
   0.55594764210581527 0.056666761661757187 0.4281876393646159;
   0.55679744314148893 0.0635249640859649 0.42427185414506235;
   0.55761896351152351 0.069970111154119843 0.420377426035253;
   0.55841459317783126 0.076027749571707243 0.41650859168616339;
   0.5592102620567454 0.081935814450266847 0.41266337197059694;
   0.55999055319553181 0.087507471373060489 0.40882282176971951;
   0.56074578427275967 0.092811113988544039 0.4050119523305955;
   0.56149473532127847 0.098080961809707323 0.40123742802119844;
   0.56223531321233811 0.10312827238688055 0.39747147100920144;
   0.56295356288445741 0.10800463477251293 0.3937358585378582;
   0.56366273124983646 0.11287198666442511 0.39002472215564082;
   0.56435492350776906 0.11752998807904325 0.38634376439324825;
   0.56503204781435368 0.12212243163509516 0.38269845088052096;
   0.5657088240574637 0.12668115006580846 0.37907372569665432;
   0.56637974310971551 0.13117093358242843 0.37547368137116871;
   0.56703730560062671 0.13554199540270703 0.37190452212297415;
   0.5676793193845957 0.13987152603440695 0.36837791210407939;
   0.56831243472557358 0.14419838686807271 0.36486097479883173;
   0.56893922086118842 0.14841557866347141 0.361384070703146;
   0.56955860390372692 0.15261816063283823 0.357941863487256;
   0.57017119077976164 0.15680569727154542 0.35451892231151244;
   0.57077738572158609 0.16093409684424206 0.35112721616726322;
   0.57137720180850182 0.16500811844222515 0.347763622080561;
   0.57197208608292138 0.16911976971435297 0.34441660701072957;
   0.57256176239240686 0.17313112583588175 0.3411202725019003;
   0.57314150006662912 0.17716564650997929 0.3378362536860684;
   0.57371127637673347 0.18113771876254958 0.33460161552906181;
   0.57427562899396356 0.1851505416081006 0.33135647462597179;
   0.5748398986342893 0.18909464028336623 0.32816964271967247;
   0.57540626531114125 0.19303515115939596 0.32499239014549569;
   0.57596743351932467 0.19697772371935607 0.3218542697628588;
   0.57651837447100762 0.20085445376838237 0.31873969311972039;
   0.57705958239509036 0.20478259696534157 0.31565419013094465;
   0.5775961132530878 0.20866354591727329 0.3125649741488421;
   0.57813506722713315 0.21254456588871287 0.30954195234381571;
   0.57867569094542437 0.21643091463147507 0.3065156613920777;
   0.57921382211064376 0.22028748845530316 0.3034960305656636;
   0.57974611857726355 0.22410649046733791 0.30051771481471956;
   0.58027141568458351 0.22797690243515503 0.29756599516732551;
   0.58079343985584164 0.23181718892217057 0.2946181085920665;
   0.58131478697409111 0.2356459486498079 0.29171453931859243;
   0.58183480665100351 0.23946277313105557 0.28881019345778991;
   0.58235317063073755 0.24326784773663207 0.28590964146790027;
   0.58287034569100715 0.24709740159518515 0.28306579361773787;
   0.58338646486654178 0.2509159573807177 0.28020141594462672;
   0.58390136699632977 0.25473894593564911 0.27738087137273804;
   0.58441573466553753 0.25853094095952162 0.27455191222544112;
   0.58493050528314317 0.26234172299609088 0.271739628303728;
   0.58544337048828288 0.266155937267251 0.26898013645930352;
   0.58595104429584954 0.26996600141405819 0.26619754957810171;
   0.58645557940209214 0.2737709299684527 0.26343933700977579;
   0.58696063262175735 0.27757524939091427 0.26067606717822511;
   0.58746641504680452 0.28137369221670167 0.25792522849443728;
   0.58797214974328438 0.28518006350227859 0.25522095293706204;
   0.58847797761070175 0.2890129437539436 0.25249388383926563;
   0.5889842490617655 0.2928181362969618 0.2497667430291195;
   0.58949112529754844 0.29665155687098987 0.24708114996495434;
   0.58999866449694571 0.30046536348766084 0.24437561648203848;
   0.59050674943789894 0.30429956772213612 0.24171581015807875;
   0.59101558198103277 0.30813519027621356 0.23903105238874942;
   0.591526216693743 0.31196882062686415 0.2363792290011931;
   0.59203820390957962 0.31584571257482769 0.23369213482136539;
   0.592547943824925 0.31969817307989534 0.23105822067655993;
   0.59305450262335557 0.32355874057312767 0.228419744390654;
   0.59356159755675009 0.3274289853838222 0.2257726105732917;
   0.5940712159151933 0.33130914473135936 0.2231343870138649;
   0.594582622852129 0.3352289959231422 0.22050997407876985;
   0.59509533377781221 0.33913052142727412 0.21786505026337188;
   0.59560935635410328 0.34304783066786715 0.21522591222040868;
   0.59612550849476886 0.34697609284127484 0.21261285648279135;
   0.59664486429532937 0.350920546195851 0.20999402159185537;
   0.59716434103885641 0.35488002382820288 0.20738820234210445;
   0.59767960085313887 0.3588298289095283 0.20477612366517176;
   0.59819601384421872 0.36282107685064491 0.20214740377947443;
   0.59872083853081748 0.36682900231194554 0.19953315480738354;
   0.59924829576626448 0.37083673603211637 0.1969643518348527;
   0.59977136723090063 0.37487880513402411 0.19437022899732889;
   0.6002936167319074 0.3789314320907492 0.19173826647850661;
   0.60081884113418416 0.38300896430996373 0.18914871999416447;
   0.60134605182431822 0.38708970319210756 0.18654844691613584;
   0.60187416043291686 0.39121522975387957 0.18394927670736816;
   0.60240303981407706 0.39534546949101157 0.1813446874840709;
   0.60293298627700964 0.39948636520773945 0.17878245633393905;
   0.6034644428973599 0.40367834707725581 0.17615802671462219;
   0.60399503506286945 0.40787289691070938 0.17359411929315402;
   0.60452093469366974 0.41210173763634395 0.1710146742471392;
   0.60504256667409306 0.41634816963763555 0.16843646690663761;
   0.60556249326832334 0.4206177094515266 0.16584784764719371;
   0.60608424308952513 0.42492809560556849 0.16331698060891425;
   0.6066090041924237 0.42925194761080865 0.16073082457661003;
   0.60712918095066926 0.43360003769253663 0.15819542210727439;
   0.607639488259849 0.43799804291800987 0.15564855392223398;
   0.60814414391914373 0.44241210352118604 0.15308585028963562;
   0.60864436448165493 0.44684818099959112 0.1505816292474754;
   0.609133752420628 0.45132400081977736 0.14807073294670281;
   0.609610113642995 0.455825845523674 0.14561499486911314;
   0.61007908470395245 0.46035574143706792 0.14311929492329706;
   0.61054192603027968 0.4649331069757 0.14068531665215919;
   0.61099119382928357 0.46954350327275945 0.13826702632331941;
   0.61142125078217924 0.47417029213842238 0.13582930742668414;
   0.61183264201430376 0.47883940289645543 0.13351437551051884;
   0.61222604709345074 0.48353891683225048 0.13121151003108272;
   0.612599533643116 0.48828735198756873 0.12891991264372207;
   0.61295011481355977 0.49304939858069569 0.12671833173340372;
   0.61327497043024914 0.49787504317695797 0.12457428509774891;
   0.61357155902198557 0.50270491129050843 0.12248655460841557;
   0.61383719913545076 0.50759184176780148 0.12051244994625168;
   0.6140689998805734 0.51250154414456217 0.11866851161098109;
   0.61426384601543327 0.51745913371241525 0.1168480507693999;
   0.61441848773452412 0.52243362942064631 0.11516007922308737;
   0.614529574117837 0.5274555984360686 0.11365675146772439;
   0.61459365240033459 0.53251031408833693 0.11226553605900375;
   0.61460717001140575 0.53759464561349846 0.11103222757193236;
   0.61456648166604066 0.54270764718841946 0.10999923157210796;
   0.61446786486369831 0.54784870495315163 0.10911423593199593;
   0.61430754718102276 0.5530157230777345 0.10842144494586578;
   0.614081750442078 0.55821168122855658 0.10801023490272658;
