function cmap = romaO(N)
% Colour map by Fabio Crameri: 
%   Crameri, F. (2018), Scientific colourmaps, Zenodo, doi:10.5281/zenodo.1243862
%

cmap = ...
  [0.45137387466634432 0.22345870991841682 0.34187079996534681;
   0.45417936034863055 0.22244423818189635 0.3360991540854924;
   0.45696452229328971 0.22158360152233506 0.33042757476772827;
   0.45974582046150508 0.22090162872323899 0.32483395049002461;
   0.46250875806408059 0.22034558424660483 0.31934641011548964;
   0.46526890288254408 0.21993574221232304 0.31393778773564368;
   0.46802588595732719 0.21968046217604173 0.30861938574464759;
   0.470782101675561 0.21957701023228535 0.30336671980434493;
   0.47351926572639552 0.21962388229695 0.29821777373013758;
   0.47627535151613221 0.21982136967640389 0.29315815972377174;
   0.47902403765590024 0.22017173928147912 0.28818364522263229;
   0.48177891799147871 0.22067262231068385 0.28330406637410249;
   0.484529958777781 0.22130249026628343 0.27850233094524635;
   0.4873079402723392 0.22207902216818232 0.27379001398985814;
   0.49007871542098724 0.22304082989188881 0.26916688247332315;
   0.49286240296059319 0.2241064037394376 0.26460608433016053;
   0.49567010128681244 0.22536308195989443 0.26015913280103442;
   0.49850015244630486 0.22677002702174462 0.25578605964674661;
   0.501335001941077 0.22832529695482012 0.2515283329633044;
   0.50419462152951655 0.22999167531668241 0.2473312990543006;
   0.50706548581322941 0.23188016281160506 0.24321985175414734;
   0.50996795728322664 0.23386578649577738 0.23922939196602713;
   0.51289632809273045 0.23604989933815851 0.23533362221163814;
   0.51584420069121761 0.23835010381262256 0.23151439528315168;
   0.51884191184459216 0.24082274406310569 0.22778705171241884;
   0.52184159401472685 0.24345287921714415 0.22413643277264281;
   0.5248936633081952 0.24624614345720136 0.22064654139407122;
   0.52796880060702112 0.24920033871202815 0.21720293269271293;
   0.53108222657902271 0.25230697241545824 0.2138733240350868;
   0.53422500404267692 0.2555629709908836 0.21064330259694405;
   0.537416087128431 0.25898718755867778 0.20752821570454091;
   0.54062953663424618 0.26254874906527853 0.20452422558065472;
   0.54388578501156071 0.26628074194001894 0.20158479795845374;
   0.547179477632665 0.27016871338346554 0.19879103455372155;
   0.55051470417601389 0.27419220768413571 0.19613158941587366;
   0.55388507057000047 0.27838557801396008 0.19355896640738146;
   0.55730513843560336 0.28273496624487637 0.19108901259165578;
   0.5607481891849585 0.28720295365543952 0.18877025772830527;
   0.56424420538805009 0.29186044607623146 0.18654823602603374;
   0.56777225640943729 0.29664943171883 0.1844613681005102;
   0.5713395708372605 0.30156762515375779 0.18248255558096546;
   0.57494760412139745 0.306664119697607 0.1806547327036454;
   0.57859849037404365 0.3118638725943903 0.17897706912758035;
   0.58228385364368362 0.31724005709857195 0.17742974625817579;
   0.58601668474934554 0.32274917620785049 0.17596600443205185;
   0.58977086382260246 0.32837579170005987 0.17473041913499696;
   0.59357770099990326 0.3341520737807156 0.17358461186773633;
   0.59741621424355873 0.34005082962595734 0.17260771790913279;
   0.60128520864126933 0.34606488732098356 0.17179107102537722;
   0.60519429347073328 0.35222612613486654 0.17113882695994312;
   0.60914595966965834 0.35850660092723158 0.1706518001661704;
   0.61311403585734081 0.36491230545545161 0.17033659138461416;
   0.61713305263738794 0.37143170001699405 0.17019647243974415;
   0.62117831817168534 0.37808004260512812 0.17023424723468036;
   0.62525650405948174 0.38483277844679603 0.17045584576837433;
   0.62936663645221713 0.39171274010832574 0.17086949927169515;
   0.63351583534698053 0.39869161366526606 0.17148029832673492;
   0.6376899801592133 0.40579273451828446 0.17229455415902861;
   0.6418969206640357 0.41299341858588462 0.1733217031052732;
   0.64613478038363159 0.42028968631183211 0.17457947831402124;
   0.65040731118022488 0.42770821256165048 0.1759997030861708;
   0.6547034678186211 0.43522198057514994 0.17773555701052837;
   0.65903594688945388 0.44283104701509224 0.17961872462744535;
   0.66340663709919723 0.45053919844812856 0.18175410244602871;
   0.66779754864849228 0.45834400246563994 0.18415883675091;
   0.67221701556636193 0.46624601288315842 0.18679653303009922;
   0.676668408258122 0.47424556516199806 0.18968343894008491;
   0.68113987453521319 0.48233432047961189 0.19282559174242878;
   0.68565504614384887 0.49051384176748442 0.19624212364825352;
   0.6901865943841935 0.49877525247161042 0.19987151086794824;
   0.69474489267519313 0.50711878939777111 0.20384095613897149;
   0.69933150190502635 0.51554364510315542 0.20802951717189666;
   0.70394379944458541 0.52405913308757035 0.21250815807665588;
   0.708579269984744 0.53264810851365207 0.21726466652424309;
   0.71322462487202609 0.54129584783370643 0.22228801954461327;
   0.71789543172411874 0.55002850287196436 0.22760999789642963;
   0.72257074879630612 0.55881191999363145 0.23318038744449734;
   0.72726541908143694 0.567667619090913 0.23906844733572025;
   0.73196754124822017 0.5765770306810214 0.24521274313140504;
   0.73666429855520665 0.58552606964382192 0.25167690199535026;
   0.74135966280553234 0.59451143602026024 0.25837336184024506;
   0.74605208722083227 0.60354190354601767 0.26536942297663035;
   0.75073206970193451 0.612586769528166 0.2726302004336314;
   0.75538458761417815 0.62165641951703632 0.28016536652975538;
   0.76000626375777725 0.63074519072858415 0.28796159285400263;
   0.76459850548382058 0.63982107372195873 0.29602133603704045;
   0.7691393547924017 0.6488872007879265 0.30432641333726018;
   0.77363082353747292 0.6579334501062053 0.31287317590766928;
   0.778063513547249 0.66693648173358677 0.32165342045778461;
   0.78241858181306168 0.67590452134349488 0.33065628764834415;
   0.78669473222742692 0.68481012848910849 0.33988429768103184;
   0.79086729978447268 0.69364601640968437 0.34929177005468748;
   0.79494152148162034 0.7024000734374567 0.35888066437276217;
   0.79890056583658753 0.71106110014509849 0.36866666904924328;
   0.80272657351953081 0.7196075866437891 0.37858785537462053;
   0.80642183739287643 0.7280278386545781 0.3886641443829395;
   0.809957948959543 0.73631442291646487 0.39885356439890424;
   0.81333508775589614 0.7444579033381834 0.40916419343044097;
   0.8165453805484858 0.75243576471807627 0.4195678589512597;
   0.81956066662524385 0.76024551955216324 0.43003909883623515;
   0.82239352145030631 0.76786527606303778 0.44056580600378381;
   0.82501007998665521 0.77529503145242462 0.45114566396597466;
   0.82741842101803253 0.78252062840137226 0.46174207144418739;
   0.829603946670109 0.78953125251921252 0.47234557018298379;
   0.83155421929555018 0.79631345904307094 0.48293113505348895;
   0.83325763948187437 0.80286945546535671 0.49349438092320991;
   0.83471711440316687 0.80919217337921789 0.50402349238016431;
   0.83591802992904807 0.81526290648804256 0.51448637001357589;
   0.83685834726673813 0.82108747825788586 0.52487063926499433;
   0.83753112877877889 0.82666152911953383 0.535169715855738;
   0.83792711883984428 0.83197775136575325 0.5453749940327054;
   0.8380452219661233 0.837030911276995 0.55545503373542693;
   0.837882936293263 0.84182372978083053 0.56541687164200261;
   0.83743505691465325 0.84634841066352917 0.57525009248389325;
   0.83669608738001033 0.85061428946982776 0.58493481683268178;
   0.83566900297218039 0.85461822150317668 0.59445662475083871;
   0.834353490535377 0.858352935600571 0.603824386219959;
   0.83273908958133624 0.86183106398244691 0.613005156127519;
   0.83083916784666578 0.86503881681958983 0.62201642584302752;
   0.82864273153821466 0.867996924203077 0.630853456571219;
   0.82615289276805282 0.87068453138380941 0.63948622544611522;
   0.82337316226109114 0.8731243808170851 0.64792166272266227;
   0.82030302049787251 0.875308817916059 0.65617051431273388;
   0.8169502875118102 0.87723785240565988 0.6642016059109499;
