function cmap = vanimo(N)
% Colour map by Fabio Crameri: 
%   Crameri, F. (2018), Scientific colourmaps, Zenodo, doi:10.5281/zenodo.1243862
%

cmap = ...
  [1 0.80345754277515158 0.992153456360599;
   0.99396554896364175 0.79197062790022321 0.98373971417282413;
   0.98791049723394353 0.78051745089175628 0.9753498657738876;
   0.9818511346768195 0.76910343196256326 0.96699397191514291;
   0.975778198216012 0.75774218138091642 0.95866754777432084;
   0.96970706799259054 0.74642730432947124 0.95037180862849924;
   0.9636311931786794 0.73517284067845456 0.942114358685549;
   0.95755446568097857 0.72397206606607523 0.93388652871246847;
   0.95147333474050177 0.71283563984359133 0.92570475435406252;
   0.94539274642622517 0.70176721328741543 0.91756029264625594;
   0.93930755896397589 0.69076795098703458 0.909445967190424;
   0.93321793051159385 0.67983984379363349 0.90137390391266781;
   0.92713118642585668 0.668991164329494 0.89333797641671431;
   0.92104166776414587 0.65821140221073338 0.88534362617825579;
   0.91495181652434909 0.6475066554521135 0.8773821562250701;
   0.90885708947593968 0.6368878235549259 0.8694611946039692;
   0.902761550193271 0.626340568473632 0.86157572303923091;
   0.89665896280838109 0.615881799366969 0.85372212654883173;
   0.89054769365667819 0.60550501995079886 0.84590949202674093;
   0.88443582479841243 0.59522174175429909 0.8381339183367772;
   0.87831332183115429 0.58502958728762389 0.83038982068471312;
   0.87218638462001563 0.5749149050147252 0.82267923218296757;
   0.86604599536626492 0.56490047171278635 0.81499868528969432;
   0.85989852477089246 0.55498695949964372 0.8073559213963255;
   0.853732255527154 0.54516849715508353 0.79974497045009707;
   0.84756045840022232 0.53544114687670474 0.79215792464704082;
   0.84137685425848618 0.5258278974142635 0.78460986888591133;
   0.83517379037149453 0.51630446776779315 0.77708808520821437;
   0.82895800980628886 0.50689883949344627 0.76958769869497223;
   0.82271950153502893 0.49760808587484429 0.762122991178999;
   0.81646522490379247 0.48841491098802281 0.75469340349070413;
   0.81018422934759327 0.47933965936361062 0.74728263019269292;
   0.80389107637367174 0.47038263926943025 0.739903745893086;
   0.79756948654038817 0.46154321738374582 0.7325477379312535;
   0.79122859232347675 0.45283102049993063 0.7252205833019929;
   0.78486662274805963 0.44424214581369148 0.71791625538751924;
   0.77847299942364523 0.43577863795270649 0.71064093514389881;
   0.77205748404201524 0.42745018123637235 0.703391685590954;
   0.76561824006466861 0.41924907101602482 0.696169746080941;
   0.7591434096128632 0.41118484010596806 0.68897406710778164;
   0.75264416194455286 0.40326677116629878 0.68179136495386539;
   0.74612022655627142 0.39548568510522436 0.67464629144270361;
   0.739569365761163 0.38783436459744841 0.66752261215976794;
   0.73297230930204327 0.38033972509559744 0.66040940284752891;
   0.72633960261321773 0.37296942565116387 0.65331404080912736;
   0.71966618947402639 0.36574698218586166 0.64623316881236914;
   0.71293397380308265 0.35863870467883319 0.63915254519525766;
   0.70615340339595145 0.35166430204081967 0.63206392134160838;
   0.69929003758251151 0.34480657250814983 0.62495542570898477;
   0.69235886994097662 0.33804169044374616 0.61781509267269519;
   0.68531931347438313 0.33137316291102387 0.61063740637985664;
   0.67817391945897687 0.32479409350437438 0.60340060065959844;
   0.67090956469857588 0.31829649787490372 0.59609086312612269;
   0.66351484652468984 0.31184286071176143 0.58869968759093627;
   0.65597573092974526 0.305490221663851 0.581229960052111;
   0.648281238342906 0.29916667114887668 0.57366307854088083;
   0.64044649702792888 0.29288742870407691 0.56599215283911375;
   0.63244939409104406 0.28666960544644987 0.55821595047691;
   0.62429770805507911 0.28051162179889155 0.55034726613316287;
   0.615982490635849 0.27442150609528188 0.54236825094289265;
   0.60752121682249927 0.2683841723199869 0.53428053357931682;
   0.59889391821413129 0.26240416483190626 0.5261024229156458;
   0.590115707522188 0.2564792889883718 0.51782061380025113;
   0.581197408128751 0.25062755963504108 0.50943804649957281;
   0.57213668952412411 0.24483471976895688 0.50096910722807086;
   0.562936972949324 0.23913740500288688 0.4924033487688122;
   0.55358965768684876 0.23348258786811352 0.48375741838397773;
   0.544127236829846 0.22794851634851182 0.47504601236622146;
   0.53453671498578681 0.22245473767373525 0.46623392778752137;
   0.52482925319759088 0.21705633258936946 0.4573608303884687;
   0.51500987065256942 0.21174067802933996 0.44842562979689171;
   0.50508369111093565 0.20651042518731044 0.439419706155005;
   0.49506769889479318 0.20131205349550388 0.43036462180177881;
   0.4849466656937394 0.19627886366835723 0.42124616339072041;
   0.4747642682051455 0.19127514845252946 0.41210007740167148;
   0.464496350234098 0.18639469150795496 0.40290052895775758;
   0.454153386568872 0.18157235929309856 0.39366805528979149;
   0.4437598142194083 0.17687622233814093 0.38441025973164494;
   0.43330800039241141 0.17225320322385185 0.37513214251476074;
   0.42282095722680396 0.16773266926121835 0.3658478935027954;
   0.41232198778425255 0.16332155241477755 0.35655335932520371;
   0.40177534359995631 0.15897329955709752 0.34725899080924172;
   0.39124856937586944 0.15471480093019349 0.33795541797906486;
   0.38071043058805748 0.15057593034381198 0.32869446559992754;
   0.37017496792619348 0.14651155490474935 0.31944634595997107;
   0.359685417924866 0.14257852861884387 0.31024521699190788;
   0.34923062289081058 0.13872067358942394 0.30105981157546496;
   0.33882932025805124 0.13498941162883121 0.29196431805269973;
   0.32849415810731691 0.13133013682463693 0.28292969271475782;
   0.31824140509122473 0.12777680038434783 0.2739626954515883;
   0.30808360186306172 0.12431088599079429 0.2650781883776554;
   0.29804703206605904 0.12096907737943005 0.25631109635573046;
   0.28815063647978806 0.11777548837573119 0.24768273091555792;
   0.2784138854051475 0.11462467691943093 0.23915689562797576;
   0.26884545195104881 0.11168663140944599 0.23078784280029102;
   0.25945683960653165 0.10877469369618373 0.222587654511519;
   0.2502458594990678 0.10605138371387143 0.21454770601388312;
   0.24130575993797584 0.10341309888075489 0.20672917281971837;
   0.23258145359967575 0.10085702750485699 0.19904990086445895;
   0.22409951967792754 0.098494129518777 0.1916317223679;
   0.21592800997000683 0.0961824842233464 0.18443431459626436;
   0.20798719274014368 0.094097878277804581 0.17748102188248838;
   0.20032199197668771 0.092102281739737252 0.17072404251303147;
   0.1929930519112138 0.090210148501606108 0.16425478778196315;
   0.18595756756550741 0.088461144321407864 0.15798916442765526;
   0.17918239607310721 0.086860604956501233 0.15197171824095515;
   0.17271652286342171 0.085310019059756326 0.14623268208498683;
   0.16657674927897742 0.084017159643581932 0.14075158682475447;
   0.16070109839239655 0.082744739570959444 0.13546266695617087;
   0.15514547215380362 0.081682831678010923 0.13049344769769583;
   0.14990229305804903 0.080652947861220028 0.12570362478180497;
   0.14492643188929413 0.079780198005186029 0.12112093754443654;
   0.14020433887741138 0.0790373210847673 0.11684795027326232;
   0.13577808508877007 0.078426472625953911 0.1128150277494095;
   0.13168472051183228 0.077943602177966 0.10894005513142714;
   0.12782469451000153 0.077585564996749457 0.10529427360161833;
   0.12421629669745488 0.07733153487505906 0.10190263239967523;
   0.12091263009869369 0.077160806294253037 0.09872438941971598;
   0.11792504160967056 0.077087605471277382 0.095739340788036892;
   0.11512428902632266 0.077124106477310786 0.092921438390002553;
   0.11266986288148367 0.077278280931717222 0.09034425711463924;
   0.11042054133233427 0.077557461916173034 0.087858259817374884;
   0.10835482664895428 0.0779682480970983 0.085430749270030623;
   0.10664980452486861 0.078515638239463337 0.083233362743108941;
