function cmap = vikO(N)
% Colour map by Fabio Crameri: 
%   Crameri, F. (2018), Scientific colourmaps, Zenodo, doi:10.5281/zenodo.1243862
%

cmap = ...
  [0.30979390802514806 0.10089720700379182 0.23843403652415127;
   0.30692464091182814 0.10305680252526317 0.24318261806560032;
   0.30406294031267583 0.10526003330463844 0.24804822665208867;
   0.30120631930011027 0.10764172727352389 0.25296041493753685;
   0.298356559610347 0.11016546354869063 0.25795599458406587;
   0.29550586299556891 0.11276095863901336 0.26307374479449669;
   0.29265230276213233 0.11544594269532049 0.26824997636041942;
   0.28979696997884208 0.11831969766316149 0.27354135776845134;
   0.28692258356457828 0.12121999437870147 0.27890549249926672;
   0.28405884946170479 0.12431473481972992 0.2843439352442434;
   0.28117554207307183 0.12753269295175648 0.28988972581991584;
   0.27830390639713626 0.13089285800079353 0.29551798540918817;
   0.2754152137016605 0.13434866883358634 0.30123204751510252;
   0.2724888805762386 0.1379341511862128 0.30704380764476635;
   0.269596383980873 0.14162616922645008 0.31292969668056353;
   0.26665983037017843 0.14548006386974802 0.31890476665205886;
   0.26374329850680517 0.14942462098581175 0.32494657902654561;
   0.26078813226954645 0.15348183559470166 0.3310738147911253;
   0.25783121257555897 0.15770852857783241 0.33729403200350916;
   0.25490571560564224 0.16208462241767857 0.34356463515515667;
   0.25194479723284763 0.16654889817126134 0.34991397414331255;
   0.2489889952908988 0.17114208550416454 0.35632542927897981;
   0.24602363931226393 0.1758559239380536 0.36278585577091105;
   0.24308160371495383 0.18072640261004744 0.36931413233558913;
   0.24015494470896726 0.18575493836896892 0.37589070588630252;
   0.23728304799516239 0.1908363655305815 0.38250748762723846;
   0.23439250350847149 0.19609202241225798 0.38917759439785859;
   0.23155085263905931 0.20142595791378481 0.39587701299195655;
   0.22874755685433093 0.20694355550522373 0.40259357824977871;
   0.22599970958231694 0.21252993502631368 0.40935020516182918;
   0.22330733121018081 0.21824985881196879 0.41611733048691374;
   0.22070982479969448 0.22406170668695871 0.42289190101956675;
   0.21817028256430271 0.22999752336322615 0.42968784824128814;
   0.21575538210749931 0.23607614403877442 0.43647909477616603;
   0.2134341949937254 0.24221671588674268 0.44326402345855209;
   0.21128009126528682 0.24848920946426378 0.45003773424745064;
   0.209250416510256 0.25484050598632468 0.4567956259258979;
   0.20740822995813224 0.26127058913656642 0.46353655969544838;
   0.20574291649438381 0.26778933439997604 0.470264324662459;
   0.20429441100588233 0.274425579969584 0.47695162399524527;
   0.20303229714833942 0.28112541366542665 0.48360880927691297;
   0.20202614482736869 0.28791544220276255 0.49024257965813167;
   0.20128531689758966 0.29477788651294767 0.49682797403532497;
   0.20082724293691265 0.30171018054908716 0.50337743348468444;
   0.20066674585933031 0.3087363763942732 0.50989283787690942;
   0.200819078656257 0.31580638770972513 0.5163559391373238;
   0.20129989190970576 0.32293674503169206 0.52278480047341214;
   0.2021251918860637 0.33012466359005255 0.529167016569783;
   0.20330978240971873 0.33737138304339442 0.53548587686814864;
   0.20484235514508081 0.34466457830593433 0.54176902033402741;
   0.20675632394375476 0.35200992554086558 0.54801423005365069;
   0.20900122184629211 0.35941319711254405 0.55420213778992067;
   0.21166140168488465 0.36685928835872789 0.56034563058488263;
   0.21465836180116002 0.3743473647554374 0.56644239384508788;
   0.21805871614093911 0.38186108273420982 0.57249481144602554;
   0.22180526736285927 0.38942422133569776 0.578493411567154;
   0.22594913510586739 0.39701212816827219 0.584457016515578;
   0.23040009533314024 0.40464029688063 0.590370114549219;
   0.23525533885041486 0.41231075849040238 0.59624740890997441;
   0.24038542383594663 0.41999027180684739 0.60207709299965528;
   0.24588471638905196 0.42770555148162565 0.60787290576976249;
   0.25171897590712927 0.4354397974989544 0.61360983057738161;
   0.25781514070071787 0.44318886989575967 0.61932795199975521;
   0.26424448764164232 0.45095916645333356 0.62498696022533085;
   0.27094470617184568 0.45874586354394625 0.630616483090462;
   0.2779102344129627 0.46654595497911477 0.63619845939738651;
   0.28512621456854176 0.4743577358193547 0.64173447144196882;
   0.29261512922457455 0.48217675293211221 0.647237534165371;
   0.30033638986298966 0.48999341949183356 0.65268837844947836;
   0.30829216305258778 0.4978305407829664 0.65810743189963283;
   0.31647056187944811 0.50563534562389278 0.66347641137264812;
   0.32483591340318735 0.51346560385986 0.66879195452310547;
   0.3334318668671325 0.52127207526518682 0.67405875051883524;
   0.34219896100144842 0.52907947339414529 0.67927349913238932;
   0.351151993159626 0.53686315222103931 0.68443477563138733;
   0.36026466759125164 0.54462008257803651 0.68954790917188269;
   0.3695585053937403 0.55236310166457148 0.69458274512828322;
   0.37900613893699692 0.56007461060765873 0.69956261713685841;
   0.38860626484683752 0.56775025652569089 0.70447340473530717;
   0.39834211535637176 0.57539215800306331 0.70931245994605341;
   0.40820753218494193 0.58298479996833552 0.71406186976954933;
   0.41819771314555176 0.5905343200866402 0.718732362756102;
   0.42831683554515143 0.59802909213893263 0.72331098169461361;
   0.43853483024088652 0.6054631872114149 0.72779545623368924;
   0.44886710808345037 0.6128309844205091 0.73218017152393233;
   0.45928218326902931 0.62013573382461018 0.73644244868006981;
   0.46978833215319665 0.62734429864641894 0.74059507399999136;
   0.48035996849825296 0.634476616315546 0.74462052086676089;
   0.49101856288378437 0.64150003133707068 0.74851305744156826;
   0.50171888577349866 0.64843062493949766 0.75225954180976928;
   0.5124683888167948 0.655247610521195 0.75585802138688929;
   0.52327077382929277 0.6619535189767245 0.75929010275043418;
   0.53408826451648417 0.66851968663005257 0.76255616533446857;
   0.5449388070200476 0.6749473700661992 0.76564753345851455;
   0.55578333076092934 0.68122671798111822 0.76853594648491963;
   0.5666444737488906 0.68735908379903632 0.7712382827016625;
   0.57747186875528123 0.69332065446143243 0.77371666092567093;
   0.58827554726865416 0.699099017754073 0.77598372322386688;
   0.5990487666660802 0.70469787088935454 0.77801885208096633;
   0.609756469161504 0.71009840086285181 0.77980858653878748;
   0.6204059904435415 0.71529034333588526 0.78135251785358628;
   0.63096410777611511 0.72025984483040606 0.782630704263913;
   0.64141752688316833 0.72500816268761137 0.78364356928651513;
   0.651774559330083 0.72951037382723471 0.78437664126588824;
   0.66199809493697026 0.73376641117826 0.78481800492569975;
   0.672071286482184 0.737761099105108 0.784964428874766;
   0.68198458472314327 0.74149088606689428 0.7848086310040453;
   0.69173425401749744 0.7449471905204309 0.78434400185107778;
   0.70128576676642773 0.74812049432718186 0.78355927607557119;
   0.71063758777514929 0.75099963279894932 0.78245633653141067;
   0.71976623073674018 0.75357056412562262 0.78102965117894507;
   0.728655656097006 0.75584462480743841 0.77927520299634689;
   0.73730117203027734 0.75780599070008425 0.77719843970830893;
   0.74568197524751667 0.75944684133234086 0.77477910324077071;
   0.75379016797028564 0.760778791641594 0.77204123489326026;
   0.76160821819959368 0.76178042200004747 0.7689684722160206;
   0.76912954773598563 0.76246246747184776 0.76558141891001485;
   0.7763495671881635 0.76282150120650116 0.76186023648567158;
   0.78324695000251376 0.76285752456287137 0.75783206758684374;
   0.78982449471256533 0.76257209075298615 0.75348663673096394;
   0.79606908209131355 0.76196804207813618 0.74884083642754018;
   0.80198224094877768 0.76105178066422463 0.74390091065491559;
   0.807559464190287 0.75981817298380472 0.738672259208395;
   0.81279041712903266 0.75828828802707871 0.73316402286588145;
